LOC CHR START STOP nSNP
1 1 320342 8803333 149
2 1 8803333 13836763 104
3 1 13836763 17991862 81
4 1 17991862 24018825 77
5 1 24018825 30080446 112
6 1 30080446 33674040 71
7 1 33674040 36691125 52
8 1 36691125 41460559 76
9 1 41460559 47601851 116
10 1 47601851 51426350 78
11 1 51426350 60028739 160
12 1 60028739 64054552 71
13 1 64054552 74467285 172
14 1 74467285 88428444 211
15 1 88428444 93880152 68
16 1 93880152 109500633 222
17 1 109500633 120855165 145
18 1 120855165 135320152 131
19 1 135320152 142290765 74
20 1 142290765 151823850 99
21 1 151823850 162529536 93
22 1 162529536 169715649 83
23 1 169715649 181017574 118
24 1 181017574 189692116 121
25 1 189692116 201220535 129
26 1 201220535 207187807 73
27 1 207187807 213289442 64
28 1 213289442 219151821 87
29 1 219151821 228812764 130
30 1 228812764 241074745 170
31 1 241074745 245059321 35
32 1 245059321 256751751 194
33 1 256751751 264388149 111
34 1 264388149 268597486 75
35 1 268597486 272147270 53
36 1 272147270 278314003 78
37 1 278314003 282771295 78
38 1 282771295 285027962 47
39 1 285027962 292235696 126
40 1 292235696 301393504 110
41 1 301393504 308142318 84
42 1 308142318 315214500 67
43 2 16416 3187467 48
44 2 3187467 7130524 57
45 2 7130524 13621851 97
46 2 13621851 19099121 59
47 2 19099121 22675082 57
48 2 22675082 28699945 113
49 2 28699945 41998239 214
50 2 41998239 51540625 150
51 2 51540625 65819735 172
52 2 65819735 71990984 81
53 2 71990984 80262803 93
54 2 80262803 84473223 51
55 2 84473223 91023501 122
56 2 91023501 94837342 70
57 2 94837342 105758551 182
58 2 105758551 111655922 94
59 2 111655922 117623361 92
60 2 117623361 121866489 84
61 2 121866489 125624966 65
62 2 125624966 128709091 47
63 2 128709091 133135994 82
64 2 133135994 136947901 58
65 2 136947901 141345325 58
66 2 141345325 148083454 113
67 2 148083454 154923632 118
68 2 154923632 158549163 57
69 2 158549163 162298086 39
70 3 72705 2247061 40
71 3 2247061 11499803 116
72 3 11499803 15558284 68
73 3 15558284 20778770 75
74 3 20778770 26392557 92
75 3 26392557 31846378 81
76 3 31846378 35572089 63
77 3 35572089 37689386 32
78 3 37689386 48991720 165
79 3 48991720 53003881 64
80 3 53003881 61784459 117
81 3 61784459 76851505 188
82 3 76851505 91109873 190
83 3 91109873 100477666 184
84 3 100477666 103906470 49
85 3 103906470 106760921 34
86 3 106760921 110186027 47
87 3 110186027 113293433 59
88 3 113293433 115377934 43
89 3 115377934 117812965 42
90 3 117812965 122175293 57
91 3 122175293 126108723 62
92 3 126108723 129202799 37
93 3 129202799 133929965 77
94 3 133929965 143300040 142
95 3 143300040 144035718 11
96 4 51236 2199048 43
97 4 2199048 3451315 22
98 4 3451315 6116388 41
99 4 6116388 9005118 47
100 4 9005118 13008743 72
101 4 13008743 15800478 46
102 4 15800478 20189129 81
103 4 20189129 24029646 66
104 4 24029646 30155502 104
105 4 30155502 32806735 37
106 4 32806735 42766642 137
107 4 42766642 53284093 148
108 4 53284093 61714879 120
109 4 61714879 69270158 104
110 4 69270158 76339781 87
111 4 76339781 83141978 108
112 4 83141978 93139371 123
113 4 93139371 98059134 77
114 4 98059134 111933479 236
115 4 111933479 119574074 119
116 4 119574074 124272439 88
117 4 124272439 129079594 88
118 4 129079594 130533061 31
119 4 130533061 133564069 58
120 4 133564069 139182345 95
121 4 139182345 140699287 26
122 4 140699287 143392054 40
123 5 40395 3707202 59
124 5 3707202 8078167 53
125 5 8078167 10866974 37
126 5 10866974 15454352 82
127 5 15454352 19504345 60
128 5 19504345 34945860 230
129 5 34945860 37767528 51
130 5 37767528 45395779 70
131 5 45395779 51407702 85
132 5 51407702 53998123 28
133 5 53998123 62442608 118
134 5 62442608 67029711 63
135 5 67029711 76788401 160
136 5 76788401 84218586 134
137 5 84218586 91171855 97
138 5 91171855 99128905 113
139 5 99128905 102194667 48
140 5 102194667 103936081 28
141 5 103936081 107303857 63
142 5 107303857 110467308 44
143 5 110467308 111502581 17
144 6 13141 3989070 51
145 6 3989070 9952971 109
146 6 9952971 17452244 123
147 6 17452244 24347591 125
148 6 24347591 28417684 71
149 6 28417684 30560001 38
150 6 30560001 36571130 80
151 6 36571130 39546925 59
152 6 39546925 43317529 59
153 6 43317529 47005317 72
154 6 47005317 53751828 116
155 6 53751828 62413999 151
156 6 62413999 66283498 64
157 6 66283498 74228517 148
158 6 74228517 77180996 58
159 6 77180996 80460252 49
160 6 80460252 85867859 76
161 6 85867859 93314507 138
162 6 93314507 100016231 85
163 6 100016231 105733733 69
164 6 105733733 113074700 120
165 6 113074700 117857953 81
166 6 117857953 126553874 146
167 6 126553874 138401742 174
168 6 138401742 141126737 39
169 6 141126737 145341892 59
170 6 145341892 151610849 88
171 6 151610849 156632943 69
172 6 156632943 157649704 15
173 7 69146 4636744 65
174 7 4636744 7557500 51
175 7 7557500 9924472 41
176 7 9924472 16856473 97
177 7 16856473 21125440 97
178 7 21125440 26738482 86
179 7 26738482 30652374 61
180 7 30652374 34335673 59
181 7 34335673 40265147 108
182 7 40265147 41322437 19
183 7 41322437 44938113 44
184 7 44938113 48498699 52
185 7 48498699 52279313 68
186 7 52279313 53935039 35
187 7 53935039 59115040 93
188 7 59115040 65683817 93
189 7 65683817 70954287 87
190 7 70954287 81242042 139
191 7 81242042 87051641 64
192 7 87051641 91350343 84
193 7 91350343 94286096 46
194 7 94286096 101396929 105
195 7 101396929 104245965 39
196 7 104245965 108598091 64
197 7 108598091 115014212 99
198 7 115014212 117693536 46
199 7 117693536 120176020 42
200 7 120176020 121856606 23
201 7 121856606 125371445 57
202 7 125371445 127907866 42
203 7 127907866 130959924 39
204 7 130959924 132823603 24
205 7 132823603 134695013 25
206 8 43676 3027824 46
207 8 3027824 5131733 28
208 8 5131733 10796174 89
209 8 10796174 18065026 112
210 8 18065026 20199173 38
211 8 20199173 24646964 71
212 8 24646964 31034477 110
213 8 31034477 34726380 71
214 8 34726380 42283909 122
215 8 42283909 59692365 208
216 8 59692365 65172038 91
217 8 65172038 75092587 150
218 8 75092587 79934056 83
219 8 79934056 83944144 59
220 8 83944144 88281939 71
221 8 88281939 93295329 91
222 8 93295329 98275918 87
223 8 98275918 104594118 107
224 8 104594118 109524486 86
225 8 109524486 114734690 107
226 8 114734690 120229037 87
227 8 120229037 122365670 34
228 8 122365670 133443032 182
229 8 133443032 135507570 45
230 8 135507570 140383513 87
231 8 140383513 143484963 57
232 8 143484963 148460698 82
233 9 21708 5091247 81
234 9 5091247 7926117 52
235 9 7926117 11965025 71
236 9 11965025 14902482 53
237 9 14902482 21679405 104
238 9 21679405 30634139 166
239 9 30634139 35955404 87
240 9 35955404 39034059 60
241 9 39034059 45626011 108
242 9 45626011 51733665 85
243 9 51733665 60564647 124
244 9 60564647 64117664 49
245 9 64117664 71762247 117
246 9 71762247 78304140 106
247 9 78304140 86402411 136
248 9 86402411 91427535 107
249 9 91427535 97912451 115
250 9 97912451 106593451 116
251 9 106593451 113051200 72
252 9 113051200 116409955 44
253 9 116409955 122379663 87
254 9 122379663 130078236 110
255 9 130078236 137636813 98
256 9 137636813 145741293 140
257 9 145741293 150559927 66
258 9 150559927 153596268 48
259 10 54839 796810 13
260 10 796810 3811318 47
261 10 3811318 6093540 36
262 10 6093540 10593160 75
263 10 10593160 12147378 24
264 10 12147378 18001886 90
265 10 18001886 20430733 42
266 10 20430733 22758772 33
267 10 22758772 26182475 43
268 10 26182475 28057207 28
269 10 28057207 32008178 67
270 10 32008178 39626717 107
271 10 39626717 49305902 144
272 10 49305902 52703493 68
273 10 52703493 56272641 53
274 10 56272641 59663321 40
275 10 59663321 63737492 69
276 10 63737492 66752876 45
277 10 66752876 67655083 20
278 10 67655083 69820079 38
279 10 69820079 73089993 52
280 10 73089993 75830836 35
281 10 75830836 78603342 36
282 11 22488 8807729 128
283 11 8807729 12207142 48
284 11 12207142 16868787 58
285 11 16868787 21711132 63
286 11 21711132 41970836 329
287 11 41970836 52072431 158
288 11 52072431 55774148 59
289 11 55774148 65417408 156
290 11 65417408 69035486 73
291 11 69035486 74105845 88
292 11 74105845 77940001 62
293 11 77940001 80779493 37
294 11 80779493 83799608 57
295 11 83799608 87141309 47
296 11 87141309 87657377 5
297 12 95953 8092370 121
298 12 8092370 9778938 30
299 12 9778938 14557386 79
300 12 14557386 18199771 59
301 12 18199771 21484960 46
302 12 21484960 23531215 31
303 12 23531215 25144170 26
304 12 25144170 34381325 159
305 12 34381325 38497895 73
306 12 38497895 41093290 55
307 12 41093290 45304676 63
308 12 45304676 49491594 60
309 12 49491594 52546361 43
310 12 52546361 54495710 38
311 12 54495710 57191332 35
312 12 57191332 59921056 50
313 12 59921056 62914506 51
314 12 62914506 63576217 11
315 13 88939 2161727 43
316 13 2161727 5597190 43
317 13 5597190 10901992 81
318 13 10901992 20142822 172
319 13 20142822 25297815 88
320 13 25297815 32263837 130
321 13 32263837 38900613 105
322 13 38900613 46860822 105
323 13 46860822 51720680 99
324 13 51720680 58478836 101
325 13 58478836 68552642 190
326 13 68552642 72427605 62
327 13 72427605 79549811 112
328 13 79549811 84296335 81
329 13 84296335 87281340 38
330 13 87281340 89039069 38
331 13 89039069 99249641 161
332 13 99249641 102892921 72
333 13 102892921 108484081 80
334 13 108484081 111572495 54
335 13 111572495 119948146 129
336 13 119948146 135375889 178
337 13 135375889 141229923 81
338 13 141229923 150312541 112
339 13 150312541 156202355 85
340 13 156202355 160605917 55
341 13 160605917 165502810 97
342 13 165502810 187137535 276
343 13 187137535 192970259 94
344 13 192970259 196810429 58
345 13 196810429 199803038 52
346 13 199803038 206908114 110
347 13 206908114 216170670 111
348 13 216170670 218473686 28
349 14 73349 2036624 35
350 14 2036624 12345729 167
351 14 12345729 15239792 48
352 14 15239792 22214217 124
353 14 22214217 29277264 116
354 14 29277264 37900504 149
355 14 37900504 40627858 45
356 14 40627858 45302791 75
357 14 45302791 53418570 123
358 14 53418570 59437471 80
359 14 59437471 62108086 47
360 14 62108086 64502834 42
361 14 64502834 68276339 57
362 14 68276339 70424030 50
363 14 70424030 80204776 142
364 14 80204776 87812379 96
365 14 87812379 94125862 117
366 14 94125862 99814376 94
367 14 99814376 104899055 99
368 14 104899055 111131649 121
369 14 111131649 116520823 75
370 14 116520823 119781164 63
371 14 119781164 124692975 78
372 14 124692975 129238572 50
373 14 129238572 135423954 102
374 14 135423954 138643049 46
375 14 138643049 144001271 78
376 14 144001271 148234096 65
377 14 148234096 153805868 72
378 15 24940 2032152 30
379 15 2032152 7881260 110
380 15 7881260 12155691 64
381 15 12155691 17800820 86
382 15 17800820 20355067 46
383 15 20355067 22028463 34
384 15 22028463 31331828 130
385 15 31331828 37166563 109
386 15 37166563 45981536 108
387 15 45981536 51420695 83
388 15 51420695 55786386 63
389 15 55786386 60147273 71
390 15 60147273 65299826 79
391 15 65299826 71261423 61
392 15 71261423 83741404 148
393 15 83741404 88783953 90
394 15 88783953 93872856 68
395 15 93872856 105697116 179
396 15 105697116 115139715 100
397 15 115139715 121391369 72
398 15 121391369 125288313 50
399 15 125288313 127563377 36
400 15 127563377 135400109 122
401 15 135400109 137108151 41
402 15 137108151 139582133 45
403 15 139582133 142444300 44
404 15 142444300 144250933 38
405 15 144250933 149856652 95
406 15 149856652 155882707 79
407 15 155882707 157616814 31
408 16 329164 3412691 55
409 16 3412691 9060044 100
410 16 9060044 11339745 44
411 16 11339745 18529171 109
412 16 18529171 21204517 41
413 16 21204517 22608691 22
414 16 22608691 32327599 159
415 16 32327599 35190026 67
416 16 35190026 38745958 62
417 16 38745958 41100070 34
418 16 41100070 48130360 102
419 16 48130360 55093329 93
420 16 55093329 59944907 59
421 16 59944907 63589990 62
422 16 63589990 65368254 28
423 16 65368254 72613141 100
424 16 72613141 75320350 40
425 16 75320350 77987586 40
426 16 77987586 86670723 148
427 17 353076 1129493 15
428 17 1129493 6267307 87
429 17 6267307 8210946 26
430 17 8210946 9345610 23
431 17 9345610 14222845 62
432 17 14222845 22512720 93
433 17 22512720 24296291 23
434 17 24296291 29365448 80
435 17 29365448 31616057 34
436 17 31616057 34232432 50
437 17 34232432 37476586 54
438 17 37476586 49083031 167
439 17 49083031 50269952 24
440 17 50269952 53506764 43
441 17 53506764 56667992 40
442 17 56667992 59111820 45
443 17 59111820 62012263 47
444 17 62012263 64202529 28
445 17 64202529 67034976 54
446 17 67034976 69326366 40
447 18 6078 713930 4
448 18 713930 2771121 26
449 18 2771121 4145179 25
450 18 4145179 7107781 41
451 18 7107781 11121298 50
452 18 11121298 13959002 54
453 18 13959002 17175188 49
454 18 17175188 21538601 54
455 18 21538601 24308898 49
456 18 24308898 26766849 36
457 18 26766849 30475615 52
458 18 30475615 32645078 40
459 18 32645078 36876009 66
460 18 36876009 45791773 128
461 18 45791773 46626685 18
462 18 46626685 48388657 28
463 18 48388657 50072344 19
464 18 50072344 51358369 24
465 18 51358369 55748771 61
466 18 55748771 57691088 24
467 18 57691088 61207390 48
