10004 1 1 1.96
10011 1 2 1.39
10019 1 2 -99
10023 1 1 2.22
10030 1 2 2.91
10045 1 1 -99
10061 1 2 3.95
10062 1 2 2.34
10064 1 2 1.73
10085 1 1 2.41
10088 1 2 2.31
10091 1 1 2.09
10093 1 2 0.94
10107 1 2 0.65
10111 1 1 2.65
10115 1 2 2.32
10122 1 2 0.79
10126 1 1 2.49
10127 1 1 1.74
10128 1 2 5.08
10135 1 1 1.18
10138 1 1 1.23
10140 1 1 2.67
10142 1 1 3.60
10143 1 1 2.07
10144 1 1 3.91
10145 1 1 1.69
10150 1 1 1.87
10151 1 1 4.04
10153 1 1 1.01
10155 1 1 6.87
10156 1 1 0.52
10160 1 1 2.01
10161 1 2 0.82
10171 1 1 3.65
10172 1 1 1.45
10173 1 1 1.67
10174 1 1 0.97
10175 1 2 2.19
10181 1 1 2.84
10184 1 1 2.73
10185 1 1 3.20
10186 1 2 1.99
10193 1 1 2.57
10197 1 1 3.70
10198 1 2 1.70
10206 1 2 1.89
10209 1 2 0.77
10216 1 2 1.71
10217 1 2 1.06
10220 1 2 1.65
10222 1 2 6.46
10227 1 1 2.41
10228 1 1 1.46
10233 1 2 0.80
10238 1 2 2.09
10243 1 2 0.62
10246 1 2 1.13
10251 1 1 4.46
10257 1 1 0.64
10258 1 2 1.84
10279 1 2 1.55
10289 1 2 1.44
10313 1 1 0.30
10333 1 2 2.34
10338 1 2 2.64
10346 1 2 2.50
10368 1 1 1.06
10373 1 1 5.40
10393 1 1 1.99
10401 1 2 2.45
10437 1 1 3.94
10478 1 2 2.88
10479 1 2 1.54
10502 1 2 2.99
10516 1 2 1.15
10522 1 2 1.24
10525 1 2 1.99
10544 1 1 1.11
10567 1 1 3.74
10569 1 2 2.78
10570 1 2 1.27
10574 1 2 0.57
10576 1 2 1.83
10589 1 2 2.26
10598 1 2 1.43
10612 1 2 1.14
10616 1 2 2.70
10620 1 2 1.91
10626 1 1 2.74
10662 1 1 1.81
10673 1 1 3.45
10677 1 2 2.71
10757 1 1 4.77
10770 1 1 3.29
10773 1 2 1.03
10788 1 2 5.35
10809 1 2 0.46
10815 1 1 1.73
10820 1 2 2.33
10005 1 2 0.73
10007 1 2 2.80
10008 1 2 0.92
10009 1 1 0.56
10010 1 1 -99
10013 1 2 -99
10015 1 1 2.27
10021 1 1 1.34
10024 1 2 1.32
10027 1 1 2.55
10031 1 1 0.28
10033 1 2 1.00
10038 1 1 1.92
10039 1 2 0.58
10046 1 2 0.57
10052 1 2 3.88
10053 1 2 1.81
10055 1 1 2.54
10057 1 2 3.99
10065 1 2 1.44
10066 1 2 1.62
10070 1 1 4.23
10074 1 2 0.95
10075 1 1 1.81
10079 1 2 2.97
10080 1 2 2.01
10083 1 2 3.44
10086 1 2 1.12
10087 1 1 1.79
10105 1 1 0.87
10106 1 1 1.08
10112 1 1 0.56
10113 1 1 1.04
10114 1 2 0.50
10116 1 2 1.13
10117 1 2 3.78
10123 1 1 1.72
10124 1 2 1.57
10125 1 1 1.29
10133 1 1 0.56
10134 1 1 3.82
10136 1 1 0.79
10137 1 2 1.75
10146 1 1 2.93
10147 1 1 3.91
10148 1 2 0.50
10149 1 1 1.82
10154 1 1 0.45
10157 1 1 1.48
10158 1 1 0.49
10159 1 1 1.56
10162 1 1 3.87
10163 1 1 0.31
10164 1 2 4.62
10165 1 1 1.67
10166 1 1 0.36
10167 1 1 3.81
10168 1 1 3.57
10169 1 1 1.72
10170 1 1 5.84
10177 1 1 2.47
10178 1 2 5.49
10179 1 1 1.76
10180 1 1 0.56
10182 1 2 0.78
10187 1 2 2.23
10189 1 1 0.55
10190 1 1 2.78
10194 1 1 1.22
10200 1 1 1.03
10203 1 1 3.06
10210 1 2 3.43
10211 1 1 0.24
10212 1 1 2.87
10213 1 1 2.55
10215 1 1 0.16
10221 1 2 1.65
10223 1 1 2.43
10225 1 1 1.50
10232 1 2 5.75
10236 1 1 1.37
10244 1 2 3.92
10245 1 1 1.75
10248 1 1 1.07
10254 1 2 0.45
10256 1 2 2.16
10259 1 1 1.81
10261 1 1 1.54
10265 1 2 0.43
10275 1 2 0.49
10277 1 2 2.12
10285 1 1 1.27
10287 1 1 1.88
10297 1 2 0.21
10299 1 1 2.08
10324 1 2 0.22
10331 1 2 2.18
10335 1 1 1.24
10341 1 1 1.51
10350 1 1 2.59
